2.420151531696319580e-01
3.334772586822509766e-01
3.701893985271453857e-01
4.065227210521697998e-01
4.329242408275604248e-01
4.448409080505371094e-01
4.507196843624114990e-01
4.567954540252685547e-01
4.623106122016906738e-01
4.668560624122619629e-01
4.696515202522277832e-01
4.718181788921356201e-01
4.787348508834838867e-01
4.795757532119750977e-01
4.827878773212432861e-01
4.856894016265869141e-01
4.892121255397796631e-01
4.905833303928375244e-01
4.910227358341217041e-01
4.949166774749755859e-01
4.964999854564666748e-01
4.995757639408111572e-01
5.005530118942260742e-01
5.025302767753601074e-01
5.045151710510253906e-01
5.046136379241943359e-01
5.071060657501220703e-01
5.077424049377441406e-01
5.108560323715209961e-01
5.175454616546630859e-01
5.190151333808898926e-01
5.201287865638732910e-01
5.212196707725524902e-01
5.222272872924804688e-01
5.222348570823669434e-01
5.244621038436889648e-01
5.238636136054992676e-01
5.249772667884826660e-01
5.265985131263732910e-01
5.275530219078063965e-01
5.284014940261840820e-01
5.275681614875793457e-01
5.294318199157714844e-01
5.310757756233215332e-01
5.352196693420410156e-01
5.353030562400817871e-01
5.373181700706481934e-01
5.363560318946838379e-01
5.367575883865356445e-01
5.376893877983093262e-01
5.379999876022338867e-01
5.376136302947998047e-01
5.401211977005004883e-01
5.417802929878234863e-01
5.412197113037109375e-01
5.396288037300109863e-01
5.433257818222045898e-01
5.427197217941284180e-01
5.433712005615234375e-01
5.425000190734863281e-01
5.426818132400512695e-01
5.436211824417114258e-01
5.447803139686584473e-01
5.449393987655639648e-01
5.460151433944702148e-01
5.462121367454528809e-01
5.470303297042846680e-01
5.460530519485473633e-01
5.450000166893005371e-01
5.459620952606201172e-01
5.479696989059448242e-01
5.451591014862060547e-01
5.472272634506225586e-01
5.456666946411132812e-01
5.469015240669250488e-01
5.475833415985107422e-01
5.462575554847717285e-01
5.484393835067749023e-01
5.462499856948852539e-01
5.476060509681701660e-01
5.466439127922058105e-01
5.464696884155273438e-01
5.492651462554931641e-01
5.467500090599060059e-01
5.467500090599060059e-01
5.465000271797180176e-01
5.476969480514526367e-01
5.464242696762084961e-01
