2.045277833938598633e+00
1.757107615470886230e+00
1.658820867538452148e+00
1.560983538627624512e+00
1.484364748001098633e+00
1.445026278495788574e+00
1.417711138725280762e+00
1.402717351913452148e+00
1.385161995887756348e+00
1.374474525451660156e+00
1.363983392715454102e+00
1.354796409606933594e+00
1.340885043144226074e+00
1.335894107818603516e+00
1.320460081100463867e+00
1.313444733619689941e+00
1.304601073265075684e+00
1.297813653945922852e+00
1.297625899314880371e+00
1.286122322082519531e+00
1.280612587928771973e+00
1.276038408279418945e+00
1.273266077041625977e+00
1.267113089561462402e+00
1.260691642761230469e+00
1.256161332130432129e+00
1.251863598823547363e+00
1.249085068702697754e+00
1.241873741149902344e+00
1.224748492240905762e+00
1.220940828323364258e+00
1.220041632652282715e+00
1.213812947273254395e+00
1.211273670196533203e+00
1.207935094833374023e+00
1.206344723701477051e+00
1.202914237976074219e+00
1.203094124794006348e+00
1.198591589927673340e+00
1.195418357849121094e+00
1.194647669792175293e+00
1.192310094833374023e+00
1.189671397209167480e+00
1.184915423393249512e+00
1.174510121345520020e+00
1.174905776977539062e+00
1.170977234840393066e+00
1.170317173004150391e+00
1.171300292015075684e+00
1.168337702751159668e+00
1.165745019912719727e+00
1.164679765701293945e+00
1.158525705337524414e+00
1.157582640647888184e+00
1.158338069915771484e+00
1.159967184066772461e+00
1.153731822967529297e+00
1.155205011367797852e+00
1.152707695960998535e+00
1.151941180229187012e+00
1.153091430664062500e+00
1.153111100196838379e+00
1.151261448860168457e+00
1.149263262748718262e+00
1.144063115119934082e+00
1.145886659622192383e+00
1.143693923950195312e+00
1.143431544303894043e+00
1.146759986877441406e+00
1.144514322280883789e+00
1.140638828277587891e+00
1.145530223846435547e+00
1.142965912818908691e+00
1.142597079277038574e+00
1.142462849617004395e+00
1.142830729484558105e+00
1.142902493476867676e+00
1.142505288124084473e+00
1.142590522766113281e+00
1.141327738761901855e+00
1.140477299690246582e+00
1.139010787010192871e+00
1.140558719635009766e+00
1.139864444732666016e+00
1.140769004821777344e+00
1.140473961830139160e+00
1.141626477241516113e+00
1.144126057624816895e+00
