2.120060920715332031e+00
1.968850135803222656e+00
1.761774778366088867e+00
1.639812350273132324e+00
1.579754948616027832e+00
1.534102797508239746e+00
1.493627071380615234e+00
1.507929444313049316e+00
1.462893009185791016e+00
1.438971757888793945e+00
1.412169098854064941e+00
1.386121869087219238e+00
1.362347722053527832e+00
1.345122098922729492e+00
1.326918125152587891e+00
1.309706926345825195e+00
1.290530204772949219e+00
1.256896972656250000e+00
1.207299113273620605e+00
1.168484568595886230e+00
1.153908133506774902e+00
1.142657041549682617e+00
1.137450695037841797e+00
1.127853512763977051e+00
1.123915195465087891e+00
1.121292233467102051e+00
1.116051316261291504e+00
1.110252976417541504e+00
1.109223842620849609e+00
1.103758215904235840e+00
1.100265860557556152e+00
1.096785902976989746e+00
1.090800523757934570e+00
1.088071227073669434e+00
1.085830092430114746e+00
1.081139564514160156e+00
1.080183267593383789e+00
1.074349999427795410e+00
1.056273579597473145e+00
1.051858901977539062e+00
1.047305464744567871e+00
1.044984698295593262e+00
1.042504429817199707e+00
1.028983712196350098e+00
1.024780869483947754e+00
1.022894501686096191e+00
1.020480513572692871e+00
1.018164873123168945e+00
1.009551167488098145e+00
1.006828188896179199e+00
1.004872083663940430e+00
1.002968072891235352e+00
1.001160144805908203e+00
9.963353276252746582e-01
9.947734475135803223e-01
9.935603737831115723e-01
9.926543235778808594e-01
9.915339946746826172e-01
9.887129664421081543e-01
9.878104329109191895e-01
9.873038530349731445e-01
9.865534305572509766e-01
9.857853055000305176e-01
