2.023030370473861694e-01
2.599469721317291260e-01
3.257121145725250244e-01
3.608863651752471924e-01
3.765151500701904297e-01
3.903181850910186768e-01
4.021969735622406006e-01
3.964242339134216309e-01
4.135227203369140625e-01
4.287424385547637939e-01
4.419166743755340576e-01
4.537727236747741699e-01
4.648711979389190674e-01
4.736439287662506104e-01
4.818333387374877930e-01
4.902575612068176270e-01
5.012651681900024414e-01
5.199772715568542480e-01
5.436893701553344727e-01
5.561136603355407715e-01
5.616060495376586914e-01
5.641060471534729004e-01
5.664166808128356934e-01
5.697424411773681641e-01
5.715757608413696289e-01
5.718485116958618164e-01
5.742651224136352539e-01
5.775075554847717285e-01
5.780151486396789551e-01
5.790984630584716797e-01
5.808484554290771484e-01
5.819393992424011230e-01
5.847651362419128418e-01
5.862878561019897461e-01
5.880379080772399902e-01
5.900605916976928711e-01
5.903939604759216309e-01
5.928711891174316406e-01
6.016514897346496582e-01
6.029242277145385742e-01
6.065605878829956055e-01
6.069090962409973145e-01
6.085530519485473633e-01
6.152499914169311523e-01
6.174015402793884277e-01
6.181136369705200195e-01
6.193030476570129395e-01
6.202348470687866211e-01
6.248182058334350586e-01
6.259166598320007324e-01
6.274015307426452637e-01
6.290757656097412109e-01
6.296514868736267090e-01
6.324848532676696777e-01
6.327348351478576660e-01
6.339620947837829590e-01
6.341666579246520996e-01
6.351212263107299805e-01
6.366288065910339355e-01
6.371363401412963867e-01
6.372120976448059082e-01
6.372045278549194336e-01
6.381439566612243652e-01
