2.104496002197265625e+00
1.745348930358886719e+00
1.581871271133422852e+00
1.472541451454162598e+00
1.401220202445983887e+00
1.365919947624206543e+00
1.342859506607055664e+00
1.325414896011352539e+00
1.311110615730285645e+00
1.303136587142944336e+00
1.291426658630371094e+00
1.281841278076171875e+00
1.272293925285339355e+00
1.263697028160095215e+00
1.259588479995727539e+00
1.253402471542358398e+00
1.248074889183044434e+00
1.238225936889648438e+00
1.234775185585021973e+00
1.229713678359985352e+00
1.224578857421875000e+00
1.219508409500122070e+00
1.218351721763610840e+00
1.211076974868774414e+00
1.207456707954406738e+00
1.203831434249877930e+00
1.196075558662414551e+00
1.193800687789916992e+00
1.191695094108581543e+00
1.186314940452575684e+00
1.181780099868774414e+00
1.170114040374755859e+00
1.165810585021972656e+00
1.162564992904663086e+00
1.161919951438903809e+00
1.160888195037841797e+00
1.159291982650756836e+00
1.154714822769165039e+00
1.153627157211303711e+00
1.145987272262573242e+00
1.144599318504333496e+00
1.144408822059631348e+00
1.141862988471984863e+00
1.139960646629333496e+00
1.134910941123962402e+00
1.136831283569335938e+00
1.136142253875732422e+00
1.136884450912475586e+00
1.134622335433959961e+00
1.133020162582397461e+00
1.131687164306640625e+00
1.132105827331542969e+00
1.131441116333007812e+00
1.131337761878967285e+00
1.130324602127075195e+00
1.128802895545959473e+00
1.128680586814880371e+00
1.127835273742675781e+00
1.129140853881835938e+00
1.128250241279602051e+00
1.129315733909606934e+00
1.128789544105529785e+00
1.127592921257019043e+00
1.128602504730224609e+00
