2.168863564729690552e-01
3.362196981906890869e-01
3.927121162414550781e-01
4.339242279529571533e-01
4.604696929454803467e-01
4.727803170680999756e-01
4.795151650905609131e-01
4.858409166336059570e-01
4.904015064239501953e-01
4.927575886249542236e-01
4.986818134784698486e-01
5.004469752311706543e-01
5.052045583724975586e-01
5.086969733238220215e-01
5.099469423294067383e-01
5.129773020744323730e-01
5.151969790458679199e-01
5.196969509124755859e-01
5.209923982620239258e-01
5.234394073486328125e-01
5.248636603355407715e-01
5.275909304618835449e-01
5.287424325942993164e-01
5.324090719223022461e-01
5.342727303504943848e-01
5.373712182044982910e-01
5.390605926513671875e-01
5.416742563247680664e-01
5.416363477706909180e-01
5.443636178970336914e-01
5.453788042068481445e-01
5.512651801109313965e-01
5.528636574745178223e-01
5.542878508567810059e-01
5.557121038436889648e-01
5.551893711090087891e-01
5.559848546981811523e-01
5.581591129302978516e-01
5.596136450767517090e-01
5.623409152030944824e-01
5.646287798881530762e-01
5.631969571113586426e-01
5.652424097061157227e-01
5.653257369995117188e-01
5.678712129592895508e-01
5.672272443771362305e-01
5.692803263664245605e-01
5.671818256378173828e-01
5.684848427772521973e-01
5.688030123710632324e-01
5.685303211212158203e-01
5.694090723991394043e-01
5.702878832817077637e-01
5.696363449096679688e-01
5.705151557922363281e-01
5.712424516677856445e-01
5.706591010093688965e-01
5.724166631698608398e-01
5.712424516677856445e-01
5.706287622451782227e-01
5.719469785690307617e-01
5.701818466186523438e-01
5.718030333518981934e-01
5.706211924552917480e-01
