2.781060636043548584e-01
3.642727136611938477e-01
3.874545395374298096e-01
4.120984971523284912e-01
4.297499954700469971e-01
4.570909142494201660e-01
4.734545350074768066e-01
4.911818206310272217e-01
5.035227537155151367e-01
5.103636384010314941e-01
5.194469690322875977e-01
5.224621295928955078e-01
5.289469957351684570e-01
5.329545736312866211e-01
5.383636355400085449e-01
5.375909209251403809e-01
5.435075759887695312e-01
5.453333258628845215e-01
5.497196912765502930e-01
5.504772663116455078e-01
5.551969408988952637e-01
5.586969852447509766e-01
5.592499971389770508e-01
5.626060366630554199e-01
5.639545321464538574e-01
5.659924149513244629e-01
5.700681805610656738e-01
5.859469771385192871e-01
5.901212096214294434e-01
5.940605998039245605e-01
5.975000262260437012e-01
6.020757555961608887e-01
6.162878870964050293e-01
6.210530400276184082e-01
6.252121329307556152e-01
6.293257474899291992e-01
6.333560347557067871e-01
6.442272663116455078e-01
6.491363644599914551e-01
6.522879004478454590e-01
6.538939476013183594e-01
6.567500233650207520e-01
6.635000109672546387e-01
6.659166812896728516e-01
6.678408980369567871e-01
6.698712110519409180e-01
6.707727313041687012e-01
6.740833520889282227e-01
6.763485074043273926e-01
6.765227317810058594e-01
6.776742339134216309e-01
6.786817908287048340e-01
