1.903406023979187012e+00
1.613967418670654297e+00
1.543209552764892578e+00
1.488901376724243164e+00
1.449169635772705078e+00
1.398050189018249512e+00
1.366461873054504395e+00
1.330019950866699219e+00
1.302383422851562500e+00
1.286099195480346680e+00
1.264945387840270996e+00
1.251203536987304688e+00
1.239539980888366699e+00
1.228056550025939941e+00
1.216434121131896973e+00
1.216173887252807617e+00
1.203594565391540527e+00
1.197487354278564453e+00
1.188737511634826660e+00
1.185256361961364746e+00
1.176345348358154297e+00
1.169270753860473633e+00
1.167244911193847656e+00
1.160000324249267578e+00
1.156999230384826660e+00
1.152050018310546875e+00
1.143210291862487793e+00
1.108439207077026367e+00
1.095082879066467285e+00
1.087066650390625000e+00
1.080909252166748047e+00
1.072445750236511230e+00
1.038908123970031738e+00
1.027060151100158691e+00
1.016881585121154785e+00
1.007985830307006836e+00
9.993642568588256836e-01
9.745249748229980469e-01
9.626556038856506348e-01
9.553225040435791016e-01
9.479605555534362793e-01
9.431813955307006836e-01
9.273395538330078125e-01
9.203366637229919434e-01
9.166792631149291992e-01
9.107638001441955566e-01
9.067128300666809082e-01
8.997884392738342285e-01
8.951458930969238281e-01
8.943871259689331055e-01
8.905552029609680176e-01
8.885018825531005859e-01
