1.876490712165832520e+00
1.630802512168884277e+00
1.555853009223937988e+00
1.520291090011596680e+00
1.495350122451782227e+00
1.481740593910217285e+00
1.458981752395629883e+00
1.451963305473327637e+00
1.447657465934753418e+00
1.402079820632934570e+00
1.388909339904785156e+00
1.388026356697082520e+00
1.380449771881103516e+00
1.372844099998474121e+00
1.372466564178466797e+00
1.360335230827331543e+00
1.355742096900939941e+00
1.345351815223693848e+00
1.341526508331298828e+00
1.332063078880310059e+00
1.334361553192138672e+00
1.320569753646850586e+00
1.318845629692077637e+00
1.314977884292602539e+00
1.309733033180236816e+00
1.306683063507080078e+00
1.276647210121154785e+00
1.271706223487854004e+00
1.270955801010131836e+00
1.266200780868530273e+00
1.263447761535644531e+00
1.262321710586547852e+00
1.246003746986389160e+00
1.241468191146850586e+00
1.238090395927429199e+00
1.238192439079284668e+00
1.233209729194641113e+00
1.224204540252685547e+00
1.220633506774902344e+00
1.220347523689270020e+00
1.217936038970947266e+00
1.216900229454040527e+00
1.212538123130798340e+00
1.209418177604675293e+00
1.210377335548400879e+00
1.208697199821472168e+00
1.207532525062561035e+00
1.205871462821960449e+00
1.204876422882080078e+00
1.204871892929077148e+00
1.203148961067199707e+00
1.202704310417175293e+00
1.202025890350341797e+00
1.201585054397583008e+00
1.200740098953247070e+00
1.201265335083007812e+00
1.200729966163635254e+00
