3.030000030994415283e-01
3.854166567325592041e-01
4.081893861293792725e-01
4.184393882751464844e-01
4.271666705608367920e-01
4.339772760868072510e-01
4.425757527351379395e-01
4.436060488224029541e-01
4.448409080505371094e-01
4.596060514450073242e-01
4.652272760868072510e-01
4.657651484012603760e-01
4.684999883174896240e-01
4.696060717105865479e-01
4.673333466053009033e-01
4.737348556518554688e-01
4.759697020053863525e-01
4.804166555404663086e-01
4.813939332962036133e-01
4.852499961853027344e-01
4.836060702800750732e-01
4.873863756656646729e-01
4.893863499164581299e-01
4.900075793266296387e-01
4.913636445999145508e-01
4.938863515853881836e-01
5.021818280220031738e-01
5.038863420486450195e-01
5.044015049934387207e-01
5.044621229171752930e-01
5.059317946434020996e-01
5.055227279663085938e-01
5.115000009536743164e-01
5.149090886116027832e-01
5.150227546691894531e-01
5.151287913322448730e-01
5.163484811782836914e-01
5.197045207023620605e-01
5.199848413467407227e-01
5.208408832550048828e-01
5.222575664520263672e-01
5.217424035072326660e-01
5.225833058357238770e-01
5.243712067604064941e-01
5.247802734375000000e-01
5.248712301254272461e-01
5.249545574188232422e-01
5.258636474609375000e-01
5.259696841239929199e-01
5.263712406158447266e-01
5.257499814033508301e-01
5.270833373069763184e-01
5.267954468727111816e-01
5.279697179794311523e-01
5.279393792152404785e-01
5.264469981193542480e-01
5.270909070968627930e-01
