1.798583388328552246e+00
1.441605329513549805e+00
1.360072493553161621e+00
1.321222662925720215e+00
1.299749255180358887e+00
1.283680677413940430e+00
1.266110181808471680e+00
1.249709129333496094e+00
1.240201830863952637e+00
1.231509089469909668e+00
1.224597215652465820e+00
1.211382508277893066e+00
1.205625414848327637e+00
1.197255492210388184e+00
1.190418601036071777e+00
1.184850692749023438e+00
1.177617192268371582e+00
1.173445105552673340e+00
1.165641665458679199e+00
1.160333156585693359e+00
1.134055256843566895e+00
1.127154231071472168e+00
1.123321056365966797e+00
1.117446660995483398e+00
1.111202955245971680e+00
1.105754137039184570e+00
1.098369598388671875e+00
1.078986525535583496e+00
1.072428822517395020e+00
1.067359685897827148e+00
1.063139677047729492e+00
1.057841658592224121e+00
1.046189546585083008e+00
1.040875077247619629e+00
1.038481354713439941e+00
1.035382270812988281e+00
1.032545208930969238e+00
1.024733066558837891e+00
1.024222254753112793e+00
1.022750258445739746e+00
1.019378423690795898e+00
1.018455266952514648e+00
1.014288544654846191e+00
1.013957858085632324e+00
1.011799573898315430e+00
1.011288642883300781e+00
1.012186169624328613e+00
1.009693741798400879e+00
1.008322000503540039e+00
1.008660554885864258e+00
1.008358478546142578e+00
1.008445382118225098e+00
