3.214166760444641113e-01
4.489696919918060303e-01
4.783560633659362793e-01
4.890909194946289062e-01
4.961590766906738281e-01
5.024469494819641113e-01
5.056591033935546875e-01
5.131515264511108398e-01
5.148636102676391602e-01
5.192121267318725586e-01
5.209166407585144043e-01
5.272651314735412598e-01
5.287500023841857910e-01
5.328788161277770996e-01
5.351136326789855957e-01
5.380833148956298828e-01
5.413257479667663574e-01
5.431287884712219238e-01
5.452121496200561523e-01
5.469924211502075195e-01
5.573863387107849121e-01
5.609924197196960449e-01
5.618939399719238281e-01
5.649772882461547852e-01
5.662575960159301758e-01
5.679090619087219238e-01
5.723409056663513184e-01
5.796287655830383301e-01
5.821818113327026367e-01
5.837878584861755371e-01
5.856212377548217773e-01
5.871515274047851562e-01
5.915530323982238770e-01
5.939545631408691406e-01
5.941136479377746582e-01
5.960757732391357422e-01
5.963863730430603027e-01
5.990378856658935547e-01
6.006515026092529297e-01
6.018560528755187988e-01
6.017045378684997559e-01
6.021817922592163086e-01
6.041439175605773926e-01
6.034318208694458008e-01
6.046969890594482422e-01
6.055378913879394531e-01
6.049621105194091797e-01
6.054697036743164062e-01
6.057954430580139160e-01
6.056894063949584961e-01
6.058105826377868652e-01
6.061439514160156250e-01
