2.138791322708129883e+00
1.844499707221984863e+00
1.678628206253051758e+00
1.614727377891540527e+00
1.777725696563720703e+00
1.624914169311523438e+00
1.573067784309387207e+00
1.541677474975585938e+00
1.526733279228210449e+00
1.513579845428466797e+00
1.505341291427612305e+00
1.507745742797851562e+00
1.492397069931030273e+00
1.488686203956604004e+00
1.485050916671752930e+00
1.475175499916076660e+00
1.478202819824218750e+00
1.488752722740173340e+00
1.462019205093383789e+00
1.457631468772888184e+00
1.460338592529296875e+00
1.448374032974243164e+00
1.447876453399658203e+00
1.441099405288696289e+00
1.439659953117370605e+00
1.448715925216674805e+00
1.432941198348999023e+00
1.442786216735839844e+00
1.478981614112854004e+00
1.434616804122924805e+00
1.426767587661743164e+00
1.422487378120422363e+00
1.420365810394287109e+00
1.419696569442749023e+00
1.417293906211853027e+00
1.416382312774658203e+00
1.411414146423339844e+00
1.407327413558959961e+00
1.399821043014526367e+00
1.409004569053649902e+00
1.397557735443115234e+00
1.401295304298400879e+00
1.396100997924804688e+00
1.381383538246154785e+00
1.379291653633117676e+00
1.374519228935241699e+00
1.374046444892883301e+00
1.372077465057373047e+00
1.372343301773071289e+00
1.370588660240173340e+00
1.370006084442138672e+00
1.366247773170471191e+00
1.366764307022094727e+00
1.364611983299255371e+00
1.360620498657226562e+00
1.359633684158325195e+00
1.360715270042419434e+00
1.354818940162658691e+00
1.357815623283386230e+00
1.352080225944519043e+00
1.351525664329528809e+00
1.350069522857666016e+00
1.346661567687988281e+00
1.347859263420104980e+00
1.342371702194213867e+00
1.338047742843627930e+00
1.342402935028076172e+00
1.338391542434692383e+00
1.333559989929199219e+00
1.335373997688293457e+00
1.331014990806579590e+00
1.330965161323547363e+00
1.324574112892150879e+00
1.330327749252319336e+00
1.325287699699401855e+00
1.322895646095275879e+00
1.321409225463867188e+00
1.320626974105834961e+00
1.317386031150817871e+00
1.313733458518981934e+00
1.313462018966674805e+00
1.315430283546447754e+00
1.310089707374572754e+00
1.310968279838562012e+00
1.311008691787719727e+00
1.306627392768859863e+00
1.304057240486145020e+00
1.314279675483703613e+00
1.307472109794616699e+00
1.305974602699279785e+00
1.304316997528076172e+00
1.299684762954711914e+00
1.300060749053955078e+00
1.301838159561157227e+00
1.301515340805053711e+00
1.302690982818603516e+00
1.300498723983764648e+00
1.305614709854125977e+00
1.296186208724975586e+00
1.296979546546936035e+00
1.297501325607299805e+00
1.293170571327209473e+00
1.297420382499694824e+00
1.293231487274169922e+00
1.292612075805664062e+00
1.292963027954101562e+00
1.287297248840332031e+00
1.283353328704833984e+00
1.283893108367919922e+00
1.279414057731628418e+00
1.279600858688354492e+00
1.283133983612060547e+00
1.283033967018127441e+00
1.278360843658447266e+00
1.279152274131774902e+00
1.276029467582702637e+00
1.275789260864257812e+00
1.273282885551452637e+00
1.273118376731872559e+00
1.271861672401428223e+00
1.272083759307861328e+00
1.270738005638122559e+00
1.270857930183410645e+00
1.272618532180786133e+00
1.270798087120056152e+00
1.271996974945068359e+00
1.272325038909912109e+00
1.270637989044189453e+00
1.270369410514831543e+00
1.268743038177490234e+00
1.270807981491088867e+00
1.266498208045959473e+00
1.267606496810913086e+00
1.265695571899414062e+00
1.269428730010986328e+00
1.266887664794921875e+00
1.264043331146240234e+00
1.266714215278625488e+00
1.267567396163940430e+00
1.263822317123413086e+00
1.264675617218017578e+00
1.262398481369018555e+00
1.265547275543212891e+00
1.263793826103210449e+00
1.264782071113586426e+00
1.263243198394775391e+00
1.264713048934936523e+00
1.262632369995117188e+00
1.262577176094055176e+00
1.264742255210876465e+00
1.261443734169006348e+00
1.265853285789489746e+00
1.262606978416442871e+00
1.263263940811157227e+00
1.262729763984680176e+00
1.261553287506103516e+00
1.264424681663513184e+00
1.262607932090759277e+00
1.264753580093383789e+00
1.264051079750061035e+00
1.263156533241271973e+00
1.260666489601135254e+00
1.262758493423461914e+00
1.261202573776245117e+00
1.260882854461669922e+00
1.259775042533874512e+00
1.262547135353088379e+00
1.264926671981811523e+00
1.261303901672363281e+00
1.262608408927917480e+00
1.261243343353271484e+00
1.260964632034301758e+00
1.260732769966125488e+00
1.262616157531738281e+00
1.262613296508789062e+00
1.261877775192260742e+00
1.262333989143371582e+00
1.262961626052856445e+00
1.261536598205566406e+00
1.261652946472167969e+00
1.262689590454101562e+00
1.263018727302551270e+00
1.261438727378845215e+00
1.264693617820739746e+00
1.262170195579528809e+00
1.263226628303527832e+00
1.264855980873107910e+00
1.261368513107299805e+00
1.260844826698303223e+00
1.260292291641235352e+00
1.262840151786804199e+00
1.260943055152893066e+00
1.262572169303894043e+00
1.263449907302856445e+00
1.259654760360717773e+00
1.262993335723876953e+00
1.262815713882446289e+00
1.262307047843933105e+00
1.261106729507446289e+00
1.262144327163696289e+00
1.261405587196350098e+00
