2.077727317810058594e-01
3.170303106307983398e-01
3.732651472091674805e-01
3.918181955814361572e-01
3.432727158069610596e-01
3.874999880790710449e-01
4.053560495376586914e-01
4.138030409812927246e-01
4.177954494953155518e-01
4.225302934646606445e-01
4.247121214866638184e-01
4.239394068717956543e-01
4.309848546981811523e-01
4.316742420196533203e-01
4.299621284008026123e-01
4.314015209674835205e-01
4.325227141380310059e-01
4.304545521736145020e-01
4.372272789478302002e-01
4.380075633525848389e-01
4.381666779518127441e-01
4.415909051895141602e-01
4.420378804206848145e-01
4.431287944316864014e-01
4.432196915149688721e-01
4.435530304908752441e-01
4.460378885269165039e-01
4.436363577842712402e-01
4.357727169990539551e-01
4.456591010093688965e-01
4.478712081909179688e-01
4.496969580650329590e-01
4.502575695514678955e-01
4.488333463668823242e-01
4.500075876712799072e-01
4.532121121883392334e-01
4.530605971813201904e-01
4.543939530849456787e-01
4.580378830432891846e-01
4.542727172374725342e-01
4.554090797901153564e-01
4.584848582744598389e-01
4.589848518371582031e-01
4.643030166625976562e-01
4.650909006595611572e-01
4.657424390316009521e-01
4.652348458766937256e-01
4.685681760311126709e-01
4.676136374473571777e-01
4.686439335346221924e-01
4.684545397758483887e-01
4.694772660732269287e-01
4.699091017246246338e-01
4.687803089618682861e-01
4.716969728469848633e-01
4.719242453575134277e-01
4.720075726509094238e-01
4.755681753158569336e-01
4.732575714588165283e-01
4.734242558479309082e-01
4.748030304908752441e-01
4.749015271663665771e-01
4.782575666904449463e-01
4.780454635620117188e-01
4.789166748523712158e-01
4.817424118518829346e-01
4.811590909957885742e-01
4.829924106597900391e-01
4.845681786537170410e-01
4.852954447269439697e-01
4.857197105884552002e-01
4.871439337730407715e-01
4.886742532253265381e-01
4.878636300563812256e-01
4.887197017669677734e-01
4.886212050914764404e-01
4.914999902248382568e-01
4.909166693687438965e-01
4.930908977985382080e-01
4.947424232959747314e-01
4.960681796073913574e-01
4.937651455402374268e-01
4.930303096771240234e-01
4.945833384990692139e-01
4.947575628757476807e-01
4.975000023841857910e-01
4.984242320060729980e-01
4.944318234920501709e-01
4.973181784152984619e-01
4.978863596916198730e-01
4.996212124824523926e-01
5.014393925666809082e-01
4.995378851890563965e-01
5.009090900421142578e-01
4.992196857929229736e-01
5.000302791595458984e-01
5.000530481338500977e-01
4.984848499298095703e-01
5.007348656654357910e-01
5.021969676017761230e-01
5.021818280220031738e-01
5.038787722587585449e-01
5.017575621604919434e-01
5.039318203926086426e-01
5.032878518104553223e-01
5.037121176719665527e-01
5.054394006729125977e-01
5.076287984848022461e-01
5.074015259742736816e-01
5.098030567169189453e-01
5.094318389892578125e-01
5.097272992134094238e-01
5.087424516677856445e-01
5.095151662826538086e-01
5.100075602531433105e-01
5.113484859466552734e-01
5.110605955123901367e-01
5.126969814300537109e-01
5.133712291717529297e-01
5.128257870674133301e-01
5.126666426658630371e-01
5.125985145568847656e-01
5.125227570533752441e-01
5.129924416542053223e-01
5.138787627220153809e-01
5.142348408699035645e-01
5.125454664230346680e-01
5.139924287796020508e-01
5.143485069274902344e-01
5.130227208137512207e-01
5.139848589897155762e-01
5.146742463111877441e-01
5.146136283874511719e-01
5.156211853027343750e-01
5.146515369415283203e-01
5.145757794380187988e-01
5.153333544731140137e-01
5.157272815704345703e-01
5.141060352325439453e-01
5.158560872077941895e-01
5.149848461151123047e-01
5.164242386817932129e-01
5.153939127922058105e-01
5.162954330444335938e-01
5.159015059471130371e-01
5.159545540809631348e-01
5.152878761291503906e-01
5.171818137168884277e-01
5.167727470397949219e-01
5.161060690879821777e-01
5.165984630584716797e-01
5.164242386817932129e-01
5.181211829185485840e-01
5.156288146972656250e-01
5.178181529045104980e-01
5.173333287239074707e-01
5.158636569976806641e-01
5.159848332405090332e-01
5.160076022148132324e-01
5.160227417945861816e-01
5.170227289199829102e-01
5.184545516967773438e-01
5.170530080795288086e-01
5.175833106040954590e-01
5.168636441230773926e-01
5.187651515007019043e-01
5.174242258071899414e-01
5.157272815704345703e-01
5.170227289199829102e-01
5.168787837028503418e-01
5.163257718086242676e-01
5.171591043472290039e-01
5.165681838989257812e-01
5.185984969139099121e-01
5.164924263954162598e-01
5.175681710243225098e-01
5.168939232826232910e-01
5.162802934646606445e-01
5.177196860313415527e-01
5.172954797744750977e-01
5.164999961853027344e-01
5.167727470397949219e-01
5.166212320327758789e-01
5.158484578132629395e-01
5.158863663673400879e-01
5.173560380935668945e-01
5.154848694801330566e-01
5.163863897323608398e-01
5.165302753448486328e-01
5.178560614585876465e-01
5.172651410102844238e-01
5.168257355690002441e-01
5.169318318367004395e-01
5.167196989059448242e-01
5.181590914726257324e-01
5.162045359611511230e-01
5.167954564094543457e-01
5.168712139129638672e-01
5.178636312484741211e-01
5.170605778694152832e-01
5.168030261993408203e-01
