2.448939383029937744e-01
3.756060600280761719e-01
4.288636445999145508e-01
4.663257598876953125e-01
4.874242544174194336e-01
4.976136386394500732e-01
5.085075497627258301e-01
5.131666660308837891e-01
5.236363410949707031e-01
5.305757522583007812e-01
5.355908870697021484e-01
5.412878990173339844e-01
5.463257431983947754e-01
5.489166378974914551e-01
5.541515350341796875e-01
5.588712096214294434e-01
5.617499947547912598e-01
5.654772520065307617e-01
5.659621357917785645e-01
5.687272548675537109e-01
5.683636069297790527e-01
5.721363425254821777e-01
5.744848251342773438e-01
5.758257508277893066e-01
5.765606164932250977e-01
5.811969637870788574e-01
5.794166922569274902e-01
5.920227169990539551e-01
5.959318280220031738e-01
5.986136198043823242e-01
6.003484725952148438e-01
6.027197241783142090e-01
6.047878861427307129e-01
6.059318184852600098e-01
6.074091196060180664e-01
6.089772582054138184e-01
6.139696836471557617e-01
6.248182058334350586e-01
6.297500133514404297e-01
6.324242353439331055e-01
6.359317898750305176e-01
6.388636231422424316e-01
6.471893787384033203e-01
6.502121090888977051e-01
6.531590819358825684e-01
6.555530428886413574e-01
6.588408946990966797e-01
6.643711924552917480e-01
6.663333177566528320e-01
6.678560376167297363e-01
6.697499752044677734e-01
6.715984940528869629e-01
6.749848723411560059e-01
6.756514906883239746e-01
6.764014959335327148e-01
6.778333187103271484e-01
6.776136159896850586e-01
6.799924373626708984e-01
6.805605888366699219e-01
6.808863878250122070e-01
6.811287999153137207e-01
6.813485026359558105e-01
