2.026673316955566406e+00
1.615222692489624023e+00
1.485601544380187988e+00
1.395763278007507324e+00
1.348066329956054688e+00
1.313273429870605469e+00
1.290098428726196289e+00
1.280791282653808594e+00
1.264741897583007812e+00
1.252141594886779785e+00
1.248412489891052246e+00
1.239179968833923340e+00
1.231878519058227539e+00
1.223446607589721680e+00
1.220548510551452637e+00
1.213532328605651855e+00
1.209835886955261230e+00
1.203865528106689453e+00
1.205275058746337891e+00
1.203748583793640137e+00
1.175945162773132324e+00
1.170305848121643066e+00
1.170658469200134277e+00
1.172714948654174805e+00
1.168828845024108887e+00
1.164962410926818848e+00
1.166386961936950684e+00
1.163635730743408203e+00
1.161640524864196777e+00
1.155321359634399414e+00
1.159998059272766113e+00
1.156479239463806152e+00
1.155374646186828613e+00
1.155312061309814453e+00
1.151686787605285645e+00
1.151227951049804688e+00
1.150292992591857910e+00
1.148020744323730469e+00
1.135718703269958496e+00
1.134892582893371582e+00
1.135156989097595215e+00
1.132534742355346680e+00
1.132036685943603516e+00
1.130903005599975586e+00
1.131977677345275879e+00
1.129135489463806152e+00
1.123771190643310547e+00
1.124114513397216797e+00
1.121823906898498535e+00
1.120490074157714844e+00
1.122123241424560547e+00
1.120162248611450195e+00
1.120061635971069336e+00
1.119696974754333496e+00
1.116172075271606445e+00
1.114985704421997070e+00
1.115315318107604980e+00
1.115068078041076660e+00
1.114261865615844727e+00
1.113107681274414062e+00
1.112389564514160156e+00
1.112062454223632812e+00
1.112343907356262207e+00
1.111933112144470215e+00
1.110925555229187012e+00
1.110798478126525879e+00
1.111013293266296387e+00
1.110975384712219238e+00
1.110862374305725098e+00
1.109736084938049316e+00
1.110491037368774414e+00
1.110537767410278320e+00
1.110112905502319336e+00
1.110671639442443848e+00
1.109147667884826660e+00
1.109432101249694824e+00
1.109706044197082520e+00
1.109577059745788574e+00
1.109699010848999023e+00
