2.332651466131210327e-01
3.842802941799163818e-01
4.369242489337921143e-01
4.654091000556945801e-01
4.790757596492767334e-01
4.934621155261993408e-01
4.997802972793579102e-01
5.046136379241943359e-01
5.089318156242370605e-01
5.153712034225463867e-01
5.184394121170043945e-01
5.224015116691589355e-01
5.252727270126342773e-01
5.283863544464111328e-01
5.306666493415832520e-01
5.331969857215881348e-01
5.355757474899291992e-01
5.383257865905761719e-01
5.383030176162719727e-01
5.386515259742736816e-01
5.504015088081359863e-01
5.525000095367431641e-01
5.525302886962890625e-01
5.527272820472717285e-01
5.534999966621398926e-01
5.539469718933105469e-01
5.548712015151977539e-01
5.560530424118041992e-01
5.560681819915771484e-01
5.584469437599182129e-01
5.586363673210144043e-01
5.599242448806762695e-01
5.594848394393920898e-01
5.593106150627136230e-01
5.622196793556213379e-01
5.618408918380737305e-01
5.610151290893554688e-01
5.626515150070190430e-01
5.672196745872497559e-01
5.678181648254394531e-01
5.676439404487609863e-01
5.693030357360839844e-01
5.691666603088378906e-01
5.681893825531005859e-01
5.690530538558959961e-01
5.689697265625000000e-01
5.719545483589172363e-01
5.719923973083496094e-01
5.731666684150695801e-01
5.735303163528442383e-01
5.730909109115600586e-01
5.738105773925781250e-01
5.735985040664672852e-01
5.732197165489196777e-01
5.749318003654479980e-01
5.753939151763916016e-01
5.754848718643188477e-01
5.759015083312988281e-01
5.766515135765075684e-01
5.766590833663940430e-01
5.767045617103576660e-01
5.777651667594909668e-01
5.776742696762084961e-01
5.766742229461669922e-01
5.781590938568115234e-01
5.765075683593750000e-01
5.773788094520568848e-01
5.763560533523559570e-01
5.772727131843566895e-01
5.784621238708496094e-01
5.773106217384338379e-01
5.772802829742431641e-01
5.789848566055297852e-01
5.779469609260559082e-01
5.777045488357543945e-01
5.775757431983947754e-01
5.787651538848876953e-01
5.788409113883972168e-01
5.783030390739440918e-01
