1.763329863548278809e+00
1.511677742004394531e+00
1.424048066139221191e+00
1.337885856628417969e+00
1.285748481750488281e+00
1.250134825706481934e+00
1.222485303878784180e+00
1.206464290618896484e+00
1.191392540931701660e+00
1.172416925430297852e+00
1.160378813743591309e+00
1.153581619262695312e+00
1.146542668342590332e+00
1.143601894378662109e+00
1.134222507476806641e+00
1.130047321319580078e+00
1.124533772468566895e+00
1.115868926048278809e+00
1.094545006752014160e+00
1.089869499206542969e+00
1.084859013557434082e+00
1.080728769302368164e+00
1.076908469200134277e+00
1.072041153907775879e+00
1.068065166473388672e+00
1.063012599945068359e+00
1.060352325439453125e+00
1.054228425025939941e+00
1.035162925720214844e+00
1.026977181434631348e+00
1.023082733154296875e+00
1.018167018890380859e+00
1.015060901641845703e+00
1.002550601959228516e+00
9.967837333679199219e-01
9.925113916397094727e-01
9.909958243370056152e-01
9.862084388732910156e-01
9.795710444450378418e-01
9.765221476554870605e-01
9.740992188453674316e-01
9.718189835548400879e-01
9.699404239654541016e-01
9.673060774803161621e-01
9.655649065971374512e-01
9.640566110610961914e-01
9.637647271156311035e-01
9.620003104209899902e-01
9.586080312728881836e-01
9.591953158378601074e-01
9.580863714218139648e-01
9.589627981185913086e-01
9.571545720100402832e-01
