3.231969773769378662e-01
3.993484973907470703e-01
4.499697089195251465e-01
4.930075705051422119e-01
5.130151510238647461e-01
5.289166569709777832e-01
5.382423996925354004e-01
5.438333153724670410e-01
5.491818189620971680e-01
5.548409223556518555e-01
5.595075488090515137e-01
5.615151524543762207e-01
5.632878541946411133e-01
5.645378828048706055e-01
5.674772858619689941e-01
5.688105821609497070e-01
5.713939666748046875e-01
5.736439228057861328e-01
5.816666483879089355e-01
5.833030343055725098e-01
5.854015350341796875e-01
5.881212353706359863e-01
5.882121324539184570e-01
5.908409357070922852e-01
5.912878513336181641e-01
5.943863391876220703e-01
5.956363677978515625e-01
5.967954397201538086e-01
6.056818366050720215e-01
6.084091067314147949e-01
6.096060872077941895e-01
6.122803092002868652e-01
6.134015321731567383e-01
6.196287870407104492e-01
6.213105916976928711e-01
6.239393949508666992e-01
6.239469647407531738e-01
6.260075569152832031e-01
6.293863654136657715e-01
6.307197213172912598e-01
6.314697265625000000e-01
6.323788166046142578e-01
6.340606212615966797e-01
6.341742277145385742e-01
6.350303292274475098e-01
6.363257765769958496e-01
6.363560557365417480e-01
6.370151638984680176e-01
6.381211876869201660e-01
6.384242177009582520e-01
6.388863921165466309e-01
6.383636593818664551e-01
6.385227441787719727e-01
