1.724696904420852661e-01
2.282272726297378540e-01
2.541515231132507324e-01
2.772803008556365967e-01
3.137348592281341553e-01
3.474318087100982666e-01
3.721212148666381836e-01
3.849166631698608398e-01
4.013030230998992920e-01
4.093333184719085693e-01
4.176439344882965088e-01
4.219090938568115234e-01
4.338484704494476318e-01
4.427500069141387939e-01
4.496515095233917236e-01
4.538484811782836914e-01
4.588712155818939209e-01
4.616893827915191650e-01
4.666515290737152100e-01
4.675303101539611816e-01
4.701212048530578613e-01
4.743712246417999268e-01
4.764318168163299561e-01
4.795378744602203369e-01
4.807878732681274414e-01
4.839696884155273438e-01
4.826742410659790039e-01
4.795757532119750977e-01
4.852196872234344482e-01
4.892272651195526123e-01
4.909696877002716064e-01
4.918863773345947266e-01
4.949242472648620605e-01
4.965681731700897217e-01
4.980454444885253906e-01
5.001894235610961914e-01
5.009166598320007324e-01
5.027499794960021973e-01
5.045909285545349121e-01
5.057651400566101074e-01
5.117272734642028809e-01
5.126439332962036133e-01
5.137121081352233887e-01
5.146666765213012695e-01
5.147045254707336426e-01
5.173333287239074707e-01
5.174090862274169922e-01
5.218787789344787598e-01
5.214393734931945801e-01
5.225681662559509277e-01
5.225605964660644531e-01
5.228787660598754883e-01
5.237802863121032715e-01
5.250454545021057129e-01
5.252500176429748535e-01
5.259621143341064453e-01
5.259318351745605469e-01
5.268257856369018555e-01
5.268636345863342285e-01
5.279697179794311523e-01
5.281288027763366699e-01
5.287802815437316895e-01
5.306590795516967773e-01
5.306136608123779297e-01
5.316060781478881836e-01
5.313863754272460938e-01
5.317348241806030273e-01
5.325605869293212891e-01
5.331666469573974609e-01
5.333485007286071777e-01
5.340075492858886719e-01
5.340681672096252441e-01
5.340681672096252441e-01
5.343257784843444824e-01
5.338863730430603027e-01
5.343560576438903809e-01
5.351893901824951172e-01
5.349090695381164551e-01
5.346288084983825684e-01
5.352348685264587402e-01
5.350303053855895996e-01
5.350454449653625488e-01
5.357499718666076660e-01
5.356894135475158691e-01
5.356742143630981445e-01
5.360302925109863281e-01
5.364015102386474609e-01
5.360833406448364258e-01
5.362954735755920410e-01
5.366363525390625000e-01
5.365530252456665039e-01
5.367954373359680176e-01
5.361515283584594727e-01
5.368636250495910645e-01
5.361287593841552734e-01
5.372499823570251465e-01
5.370075702667236328e-01
5.366666913032531738e-01
5.361590981483459473e-01
5.371060371398925781e-01
5.367424488067626953e-01
5.373257398605346680e-01
5.374469757080078125e-01
5.378409028053283691e-01
5.373636484146118164e-01
5.372272729873657227e-01
5.371288061141967773e-01
5.371893644332885742e-01
5.375227332115173340e-01
5.376287698745727539e-01
5.376060605049133301e-01
5.367500185966491699e-01
5.371666550636291504e-01
5.371212363243103027e-01
5.374621152877807617e-01
5.367121100425720215e-01
5.369545221328735352e-01
5.371666550636291504e-01
5.379317998886108398e-01
5.372424125671386719e-01
5.373106002807617188e-01
5.372272729873657227e-01
5.371288061141967773e-01
5.372045636177062988e-01
5.371969938278198242e-01
5.373106002807617188e-01
5.374318361282348633e-01
5.377424359321594238e-01
5.373181700706481934e-01
5.367575883865356445e-01
5.369697213172912598e-01
5.366666913032531738e-01
5.370075702667236328e-01
5.374848246574401855e-01
5.369318127632141113e-01
