2.780482470989227295e-01
2.078889310359954834e-01
2.001858055591583252e-01
1.936136037111282349e-01
1.828490197658538818e-01
1.734657585620880127e-01
1.670516431331634521e-01
1.640300154685974121e-01
1.599036753177642822e-01
1.573466360569000244e-01
1.545290499925613403e-01
1.529733091592788696e-01
1.495611667633056641e-01
1.466341316699981689e-01
1.441363692283630371e-01
1.424480378627777100e-01
1.409399509429931641e-01
1.397468596696853638e-01
1.384874731302261353e-01
1.379087120294570923e-01
1.369773447513580322e-01
1.358987987041473389e-01
1.353529095649719238e-01
1.344034671783447266e-01
1.340399086475372314e-01
1.331356167793273926e-01
1.336629241704940796e-01
1.348518282175064087e-01
1.326623558998107910e-01
1.319795697927474976e-01
1.312261670827865601e-01
1.308750808238983154e-01
1.301200389862060547e-01
1.297128796577453613e-01
1.293803155422210693e-01
1.287510097026824951e-01
1.283889114856719971e-01
1.282136738300323486e-01
1.275883466005325317e-01
1.272736191749572754e-01
1.258975714445114136e-01
1.255959868431091309e-01
1.254092901945114136e-01
1.252457499504089355e-01
1.251902282238006592e-01
1.249014884233474731e-01
1.247412264347076416e-01
1.238147690892219543e-01
1.237893179059028625e-01
1.236076503992080688e-01
1.236468330025672913e-01
1.233912929892539978e-01
1.233350187540054321e-01
1.231957003474235535e-01
1.230787858366966248e-01
1.230427622795104980e-01
1.229458376765251160e-01
1.227706447243690491e-01
1.226662024855613708e-01
1.225426197052001953e-01
1.224983930587768555e-01
1.223941519856452942e-01
1.219586506485939026e-01
1.219701692461967468e-01
1.218546405434608459e-01
1.217492148280143738e-01
1.217531561851501465e-01
1.216572597622871399e-01
1.216197311878204346e-01
1.214006096124649048e-01
1.213685944676399231e-01
1.213485226035118103e-01
1.213370189070701599e-01
1.212527379393577576e-01
1.212233006954193115e-01
1.212733983993530273e-01
1.211554110050201416e-01
1.211735829710960388e-01
1.211753413081169128e-01
1.210715919733047485e-01
1.211067959666252136e-01
1.209668442606925964e-01
1.209476590156555176e-01
1.208570301532745361e-01
1.209496632218360901e-01
1.209176629781723022e-01
1.208847165107727051e-01
1.208195835351943970e-01
1.208126619458198547e-01
1.208201572299003601e-01
1.207805499434471130e-01
1.207682192325592041e-01
1.207821071147918701e-01
1.207500025629997253e-01
1.207110658288002014e-01
1.207056939601898193e-01
1.207591667771339417e-01
1.207717284560203552e-01
1.206989958882331848e-01
1.206848472356796265e-01
1.207468658685684204e-01
1.207264065742492676e-01
1.206925734877586365e-01
1.207025423645973206e-01
1.206783801317214966e-01
1.206799969077110291e-01
1.207397282123565674e-01
1.207109838724136353e-01
1.207205802202224731e-01
1.207069233059883118e-01
1.207169294357299805e-01
1.207267567515373230e-01
1.206536144018173218e-01
1.206880360841751099e-01
1.206578165292739868e-01
1.206516698002815247e-01
1.207256913185119629e-01
1.206833198666572571e-01
1.206251680850982666e-01
1.206661760807037354e-01
1.206373348832130432e-01
1.206910237669944763e-01
1.206930801272392273e-01
1.206918880343437195e-01
1.206260398030281067e-01
1.206386163830757141e-01
1.206484511494636536e-01
1.206902191042900085e-01
1.207150816917419434e-01
1.206852942705154419e-01
1.206872910261154175e-01
1.206273436546325684e-01
1.206478849053382874e-01
1.206697821617126465e-01
1.207136437296867371e-01
