1.539621204137802124e-01
2.904848456382751465e-01
3.704621195793151855e-01
4.188863635063171387e-01
4.529166519641876221e-01
4.661060571670532227e-01
4.741363525390625000e-01
4.804848432540893555e-01
4.842197000980377197e-01
4.867727160453796387e-01
4.905454516410827637e-01
4.935454428195953369e-01
4.956590831279754639e-01
4.977878928184509277e-01
5.010303258895874023e-01
5.035908818244934082e-01
5.036969780921936035e-01
5.083712339401245117e-01
5.099318027496337891e-01
5.099621415138244629e-01
5.127727389335632324e-01
5.143712162971496582e-01
5.156666636466979980e-01
5.171893835067749023e-01
5.204166769981384277e-01
5.228484869003295898e-01
5.230075716972351074e-01
5.263030529022216797e-01
5.262424349784851074e-01
5.284696817398071289e-01
5.292878746986389160e-01
5.313408970832824707e-01
5.305530428886413574e-01
5.338484644889831543e-01
5.356969833374023438e-01
5.349014997482299805e-01
5.382803082466125488e-01
5.369697213172912598e-01
5.431894063949584961e-01
5.447121262550354004e-01
5.463106036186218262e-01
5.464621186256408691e-01
5.451060533523559570e-01
5.465151667594909668e-01
5.476060509681701660e-01
5.480909347534179688e-01
5.477348566055297852e-01
5.477045178413391113e-01
5.490530133247375488e-01
5.479015111923217773e-01
5.507272481918334961e-01
5.500151515007019043e-01
5.506287813186645508e-01
5.515151619911193848e-01
5.527045726776123047e-01
5.522878766059875488e-01
5.519848465919494629e-01
5.546287894248962402e-01
5.534999966621398926e-01
5.538636445999145508e-01
5.574697256088256836e-01
5.586212277412414551e-01
5.584015250205993652e-01
5.578787922859191895e-01
5.587121248245239258e-01
5.574318170547485352e-01
5.593333244323730469e-01
5.584772825241088867e-01
5.595454573631286621e-01
5.594015121459960938e-01
5.588181614875793457e-01
5.613333582878112793e-01
5.601969957351684570e-01
5.616666674613952637e-01
5.616893768310546875e-01
5.628485083580017090e-01
5.625379085540771484e-01
5.618257522583007812e-01
5.624015331268310547e-01
5.623182058334350586e-01
5.629394054412841797e-01
5.628939270973205566e-01
5.646363496780395508e-01
5.643030405044555664e-01
5.638712048530578613e-01
5.637727379798889160e-01
5.637121200561523438e-01
5.642803311347961426e-01
5.656060576438903809e-01
5.650530457496643066e-01
5.646212100982666016e-01
5.645833611488342285e-01
5.654772520065307617e-01
5.653105974197387695e-01
5.653257369995117188e-01
5.647575855255126953e-01
5.654545426368713379e-01
5.650606155395507812e-01
5.658560395240783691e-01
5.657272934913635254e-01
5.663333535194396973e-01
5.656969547271728516e-01
5.654848217964172363e-01
5.664772987365722656e-01
5.646287798881530762e-01
5.653105974197387695e-01
