2.232875585556030273e+00
1.872225999832153320e+00
1.631008625030517578e+00
1.528805613517761230e+00
1.452158808708190918e+00
1.415212631225585938e+00
1.396103858947753906e+00
1.379944562911987305e+00
1.368650317192077637e+00
1.361778616905212402e+00
1.353279232978820801e+00
1.342753410339355469e+00
1.340192079544067383e+00
1.331623196601867676e+00
1.323770523071289062e+00
1.319011688232421875e+00
1.318143129348754883e+00
1.307952642440795898e+00
1.303467869758605957e+00
1.304622054100036621e+00
1.297570586204528809e+00
1.290934443473815918e+00
1.286219716072082520e+00
1.286356091499328613e+00
1.277809619903564453e+00
1.271913528442382812e+00
1.269905805587768555e+00
1.264245510101318359e+00
1.262458562850952148e+00
1.254644393920898438e+00
1.251109957695007324e+00
1.250269055366516113e+00
1.247262358665466309e+00
1.240435957908630371e+00
1.237012147903442383e+00
1.237953424453735352e+00
1.230940461158752441e+00
1.232560515403747559e+00
1.214471101760864258e+00
1.213005661964416504e+00
1.210343718528747559e+00
1.207678556442260742e+00
1.208060383796691895e+00
1.206853389739990234e+00
1.202475786209106445e+00
1.203105568885803223e+00
1.203272819519042969e+00
1.200768113136291504e+00
1.198593854904174805e+00
1.198074579238891602e+00
1.193410515785217285e+00
1.194758057594299316e+00
1.193540573120117188e+00
1.194174289703369141e+00
1.191230177879333496e+00
1.188843369483947754e+00
1.189479470252990723e+00
1.184554100036621094e+00
1.187049746513366699e+00
1.186727881431579590e+00
1.178802251815795898e+00
1.177907824516296387e+00
1.175365924835205078e+00
1.175890684127807617e+00
1.172702431678771973e+00
1.175370931625366211e+00
1.174251317977905273e+00
1.173488020896911621e+00
1.171736598014831543e+00
1.171129226684570312e+00
1.172297000885009766e+00
1.167342066764831543e+00
1.167237758636474609e+00
1.166338562965393066e+00
1.167059659957885742e+00
1.165102481842041016e+00
1.164980053901672363e+00
1.164317846298217773e+00
1.164836049079895020e+00
1.166045546531677246e+00
1.164641141891479492e+00
1.161809325218200684e+00
1.161024332046508789e+00
1.159915685653686523e+00
1.159794330596923828e+00
1.160740256309509277e+00
1.159795284271240234e+00
1.159859061241149902e+00
1.158614873886108398e+00
1.158778190612792969e+00
1.158639192581176758e+00
1.158537149429321289e+00
1.156772732734680176e+00
1.157313346862792969e+00
1.156606316566467285e+00
1.157727241516113281e+00
1.157572388648986816e+00
1.158747673034667969e+00
1.156554460525512695e+00
1.156460165977478027e+00
1.157102227210998535e+00
1.156551003456115723e+00
1.157478570938110352e+00
1.156914949417114258e+00
1.157578229904174805e+00
1.157995104789733887e+00
