2.790000140666961670e-01
4.119469821453094482e-01
4.761212170124053955e-01
5.067197084426879883e-01
5.237727165222167969e-01
5.333333611488342285e-01
5.453863739967346191e-01
5.528787970542907715e-01
5.590075850486755371e-01
5.627424120903015137e-01
5.653939247131347656e-01
5.692727565765380859e-01
5.796363353729248047e-01
5.830302834510803223e-01
5.866742134094238281e-01
5.887954831123352051e-01
5.924772620201110840e-01
5.948863625526428223e-01
5.963636636734008789e-01
6.005378961563110352e-01
6.033333539962768555e-01
6.044772863388061523e-01
6.093711853027343750e-01
6.117500066757202148e-01
6.150757670402526855e-01
6.164772510528564453e-01
6.195378899574279785e-01
6.223409175872802734e-01
6.243030428886413574e-01
6.258333325386047363e-01
6.287575960159301758e-01
6.388257741928100586e-01
6.416666507720947266e-01
6.441590785980224609e-01
6.468484997749328613e-01
6.475151777267456055e-01
6.549621224403381348e-01
6.578560471534729004e-01
6.588257551193237305e-01
6.606212258338928223e-01
6.621136069297790527e-01
6.665833592414855957e-01
6.672348380088806152e-01
6.690909266471862793e-01
6.697121262550354004e-01
6.709469556808471680e-01
6.728636622428894043e-01
6.735681891441345215e-01
6.742878556251525879e-01
6.754469871520996094e-01
6.748787760734558105e-01
6.758863925933837891e-01
6.769242286682128906e-01
6.773712038993835449e-01
6.777348518371582031e-01
6.779848337173461914e-01
