1.892233729362487793e+00
1.543360352516174316e+00
1.366489648818969727e+00
1.282492995262145996e+00
1.241622447967529297e+00
1.220239996910095215e+00
1.194812297821044922e+00
1.175885558128356934e+00
1.157485008239746094e+00
1.144942283630371094e+00
1.139082312583923340e+00
1.130371212959289551e+00
1.106529831886291504e+00
1.102633714675903320e+00
1.097523689270019531e+00
1.095620989799499512e+00
1.093125581741333008e+00
1.086779713630676270e+00
1.083963394165039062e+00
1.079259276390075684e+00
1.074577093124389648e+00
1.071792006492614746e+00
1.066248893737792969e+00
1.062870860099792480e+00
1.055322170257568359e+00
1.049685239791870117e+00
1.045202016830444336e+00
1.040838241577148438e+00
1.034588575363159180e+00
1.032612681388854980e+00
1.025273203849792480e+00
1.001657605171203613e+00
9.936828613281250000e-01
9.885671138763427734e-01
9.836224913597106934e-01
9.795531630516052246e-01
9.614779949188232422e-01
9.547218084335327148e-01
9.517810344696044922e-01
9.477644562721252441e-01
9.423882365226745605e-01
9.315565824508666992e-01
9.286427497863769531e-01
9.254578948020935059e-01
9.246113896369934082e-01
9.207524061203002930e-01
9.145032763481140137e-01
9.126479625701904297e-01
9.124327301979064941e-01
9.098253250122070312e-01
9.091618061065673828e-01
9.066479802131652832e-01
9.057862162590026855e-01
9.034271836280822754e-01
9.033694267272949219e-01
9.025012254714965820e-01
